0.3459529926421532
0.309818882081484
0.29819406575245905
0.2911730922805822
0.28599743519409376
0.2813821341121002
0.27732315333276497
0.27370732013486776
0.27033960934908724
0.26671422654855287
0.2641389012280651
0.26107445198344004
0.2584458938637157
0.25582160968900897
0.2529745721043147
0.2507623923452952
0.2484030131138442
0.24598067952508512
0.2442618302300565
0.24192326037554093
0.24011329485760644
0.23810366815434283
0.2357718639168116
0.23438862923947187
0.23255344953459586
0.2303120961719408
0.2296139289691672
0.227035779884711
0.22591333247596024
0.2238844011729879
0.22245558829614848
0.22114862750064665
0.2187500062201462
0.2179278939313742
0.21632268039606534
0.2144925705707656
0.212653974841672
0.21155851273350498
0.20979279678523377
0.20838846545236256
0.20669554746153
0.2056994305464643
0.2034791555754123
0.20237557045110177
0.2005792904891653
0.19940480437206118
0.19752682754301176
0.19635995446471102
0.19472285029552175
0.19361930874877595
0.19176724779104848
0.19077120327656358
0.18892291590537175
0.18761285260394509
0.18542108004293817
0.18380283038824521
0.18247112862447842
0.18044472867260494
0.17990245824951825
0.17791430400625702
0.17631541034904435
0.17476817681738366
0.17288740137050876
